P 0 1
B -0.335 0.603333 0.1 0.1 3 3 40
B -0.0875 0.393333 0.1 0.1 3 3 40
B -0.7225 0.4 0.1 0.1 3 3 40
B 0.6 0.0366667 0.1 0.1 3 3 40
B 0.0275 0.11 0.1 0.1 3 3 40
B 0.495 0.4 0.1 0.1 3 3 40
B -0.7625 -0 0.1 0.1 3 3 40
B -0.385 0.27 0.1 0.1 3 3 40
B 0.8125 0.496667 0.1 0.1 3 3 40
B -0.6075 0.643333 0.1 0.1 3 3 40
B -0.605 0.24 0.1 0.1 3 3 40
B -0.435 0.07 0.1 0.1 3 3 40
B -0.215 0.0333334 0.1 0.1 3 3 40
B 0.2825 0.07 0.1 0.1 3 3 40
B 0.7825 0.283333 0.1 0.1 3 3 40
B -0.085 0.646667 0.1 0.1 3 3 40
B -0.515 0.493333 0.1 0.1 3 3 40
B -0.2525 0.44 0.1 0.1 3 3 40
B -0.1375 0.256667 0.1 0.1 3 3 40
B 0.1 0.436667 0.1 0.1 3 3 40
B 0.355 0.603333 0.1 0.1 3 3 40
B 0.6375 0.6 0.1 0.1 3 3 40
B 0.465 0.213333 0.1 0.1 3 3 40
O -0.5125 -0.466667 0.469 0.02
O 0.47 -0.183333 0.469 0.02
T -0.5 0.1 0.1 0.1
T 0.5 -0.1 0.1 0.1